422 420 420
0.0000000000 0.0000000000 2.0000000000
0.0000000000 0.0000000000 -2.0000000000
0.0000000000 0.0000000000 2.0000000000
0.0000000000 0.0000000000 2.0000000000
0.0000000000 0.0000000000 2.0000000000
0.0000000000 0.0000000000 2.0000000000
0.0000000000 0.0000000000 2.0000000000
0.0000000000 0.0000000000 2.0000000000
-0.0000000000 0.0000000000 2.0000000000
-0.0000000000 0.0000000000 2.0000000000
-0.0000000000 0.0000000000 2.0000000000
-0.0000000000 0.0000000000 2.0000000000
-0.0000000000 0.0000000000 2.0000000000
-0.0000000000 -0.0000000000 2.0000000000
-0.0000000000 -0.0000000000 2.0000000000
-0.0000000000 -0.0000000000 2.0000000000
-0.0000000000 -0.0000000000 2.0000000000
-0.0000000000 -0.0000000000 2.0000000000
0.0000000000 -0.0000000000 2.0000000000
0.0000000000 -0.0000000000 2.0000000000
0.0000000000 -0.0000000000 2.0000000000
0.0000000000 -0.0000000000 2.0000000000
0.3128689301 0.0000000000 1.9753766812
0.2975560347 0.0966818164 1.9753766812
0.2531162814 0.1838997430 1.9753766812
0.1838997430 0.2531162814 1.9753766812
0.0966818164 0.2975560347 1.9753766812
0.0000000000 0.3128689301 1.9753766812
-0.0966818164 0.2975560347 1.9753766812
-0.1838997430 0.2531162814 1.9753766812
-0.2531162814 0.1838997430 1.9753766812
-0.2975560347 0.0966818164 1.9753766812
-0.3128689301 0.0000000000 1.9753766812
-0.2975560347 -0.0966818164 1.9753766812
-0.2531162814 -0.1838997430 1.9753766812
-0.1838997430 -0.2531162814 1.9753766812
-0.0966818164 -0.2975560347 1.9753766812
-0.0000000000 -0.3128689301 1.9753766812
0.0966818164 -0.2975560347 1.9753766812
0.1838997430 -0.2531162814 1.9753766812
0.2531162814 -0.1838997430 1.9753766812
0.2975560347 -0.0966818164 1.9753766812
0.6180339887 0.0000000000 1.9021130326
0.5877852523 0.1909830056 1.9021130326
0.5000000000 0.3632712640 1.9021130326
0.3632712640 0.5000000000 1.9021130326
0.1909830056 0.5877852523 1.9021130326
0.0000000000 0.6180339887 1.9021130326
-0.1909830056 0.5877852523 1.9021130326
-0.3632712640 0.5000000000 1.9021130326
-0.5000000000 0.3632712640 1.9021130326
-0.5877852523 0.1909830056 1.9021130326
-0.6180339887 0.0000000000 1.9021130326
-0.5877852523 -0.1909830056 1.9021130326
-0.5000000000 -0.3632712640 1.9021130326
-0.3632712640 -0.5000000000 1.9021130326
-0.1909830056 -0.5877852523 1.9021130326
-0.0000000000 -0.6180339887 1.9021130326
0.1909830056 -0.5877852523 1.9021130326
0.3632712640 -0.5000000000 1.9021130326
0.5000000000 -0.3632712640 1.9021130326
0.5877852523 -0.1909830056 1.9021130326
0.9079809995 0.0000000000 1.7820130484
0.8635412462 0.2805815594 1.7820130484
0.7345720591 0.5336978409 1.7820130484
0.5336978409 0.7345720591 1.7820130484
0.2805815594 0.8635412462 1.7820130484
0.0000000000 0.9079809995 1.7820130484
-0.2805815594 0.8635412462 1.7820130484
-0.5336978409 0.7345720591 1.7820130484
-0.7345720591 0.5336978409 1.7820130484
-0.8635412462 0.2805815594 1.7820130484
-0.9079809995 0.0000000000 1.7820130484
-0.8635412462 -0.2805815594 1.7820130484
-0.7345720591 -0.5336978409 1.7820130484
-0.5336978409 -0.7345720591 1.7820130484
-0.2805815594 -0.8635412462 1.7820130484
-0.0000000000 -0.9079809995 1.7820130484
0.2805815594 -0.8635412462 1.7820130484
0.5336978409 -0.7345720591 1.7820130484
0.7345720591 -0.5336978409 1.7820130484
0.8635412462 -0.2805815594 1.7820130484
1.1755705046 0.0000000000 1.6180339887
1.1180339887 0.3632712640 1.6180339887
0.9510565163 0.6909830056 1.6180339887
0.6909830056 0.9510565163 1.6180339887
0.3632712640 1.1180339887 1.6180339887
0.0000000000 1.1755705046 1.6180339887
-0.3632712640 1.1180339887 1.6180339887
-0.6909830056 0.9510565163 1.6180339887
-0.9510565163 0.6909830056 1.6180339887
-1.1180339887 0.3632712640 1.6180339887
-1.1755705046 0.0000000000 1.6180339887
-1.1180339887 -0.3632712640 1.6180339887
-0.9510565163 -0.6909830056 1.6180339887
-0.6909830056 -0.9510565163 1.6180339887
-0.3632712640 -1.1180339887 1.6180339887
-0.0000000000 -1.1755705046 1.6180339887
0.3632712640 -1.1180339887 1.6180339887
0.6909830056 -0.9510565163 1.6180339887
0.9510565163 -0.6909830056 1.6180339887
1.1180339887 -0.3632712640 1.6180339887
1.4142135624 0.0000000000 1.4142135624
1.3449970239 0.4370160244 1.4142135624
1.1441228056 0.8312538756 1.4142135624
0.8312538756 1.1441228056 1.4142135624
0.4370160244 1.3449970239 1.4142135624
0.0000000000 1.4142135624 1.4142135624
-0.4370160244 1.3449970239 1.4142135624
-0.8312538756 1.1441228056 1.4142135624
-1.1441228056 0.8312538756 1.4142135624
-1.3449970239 0.4370160244 1.4142135624
-1.4142135624 0.0000000000 1.4142135624
-1.3449970239 -0.4370160244 1.4142135624
-1.1441228056 -0.8312538756 1.4142135624
-0.8312538756 -1.1441228056 1.4142135624
-0.4370160244 -1.3449970239 1.4142135624
-0.0000000000 -1.4142135624 1.4142135624
0.4370160244 -1.3449970239 1.4142135624
0.8312538756 -1.1441228056 1.4142135624
1.1441228056 -0.8312538756 1.4142135624
1.3449970239 -0.4370160244 1.4142135624
1.6180339887 0.0000000000 1.1755705046
1.5388417686 0.5000000000 1.1755705046
1.3090169944 0.9510565163 1.1755705046
0.9510565163 1.3090169944 1.1755705046
0.5000000000 1.5388417686 1.1755705046
0.0000000000 1.6180339887 1.1755705046
-0.5000000000 1.5388417686 1.1755705046
-0.9510565163 1.3090169944 1.1755705046
-1.3090169944 0.9510565163 1.1755705046
-1.5388417686 0.5000000000 1.1755705046
-1.6180339887 0.0000000000 1.1755705046
-1.5388417686 -0.5000000000 1.1755705046
-1.3090169944 -0.9510565163 1.1755705046
-0.9510565163 -1.3090169944 1.1755705046
-0.5000000000 -1.5388417686 1.1755705046
-0.0000000000 -1.6180339887 1.1755705046
0.5000000000 -1.5388417686 1.1755705046
0.9510565163 -1.3090169944 1.1755705046
1.3090169944 -0.9510565163 1.1755705046
1.5388417686 -0.5000000000 1.1755705046
1.7820130484 0.0000000000 0.9079809995
1.6947951218 0.5506723161 0.9079809995
1.4416788403 1.0474409892 0.9079809995
1.0474409892 1.4416788403 0.9079809995
0.5506723161 1.6947951218 0.9079809995
0.0000000000 1.7820130484 0.9079809995
-0.5506723161 1.6947951218 0.9079809995
-1.0474409892 1.4416788403 0.9079809995
-1.4416788403 1.0474409892 0.9079809995
-1.6947951218 0.5506723161 0.9079809995
-1.7820130484 0.0000000000 0.9079809995
-1.6947951218 -0.5506723161 0.9079809995
-1.4416788403 -1.0474409892 0.9079809995
-1.0474409892 -1.4416788403 0.9079809995
-0.5506723161 -1.6947951218 0.9079809995
-0.0000000000 -1.7820130484 0.9079809995
0.5506723161 -1.6947951218 0.9079809995
1.0474409892 -1.4416788403 0.9079809995
1.4416788403 -1.0474409892 0.9079809995
1.6947951218 -0.5506723161 0.9079809995
1.9021130326 0.0000000000 0.6180339887
1.8090169944 0.5877852523 0.6180339887
1.5388417686 1.1180339887 0.6180339887
1.1180339887 1.5388417686 0.6180339887
0.5877852523 1.8090169944 0.6180339887
0.0000000000 1.9021130326 0.6180339887
-0.5877852523 1.8090169944 0.6180339887
-1.1180339887 1.5388417686 0.6180339887
-1.5388417686 1.1180339887 0.6180339887
-1.8090169944 0.5877852523 0.6180339887
-1.9021130326 0.0000000000 0.6180339887
-1.8090169944 -0.5877852523 0.6180339887
-1.5388417686 -1.1180339887 0.6180339887
-1.1180339887 -1.5388417686 0.6180339887
-0.5877852523 -1.8090169944 0.6180339887
-0.0000000000 -1.9021130326 0.6180339887
0.5877852523 -1.8090169944 0.6180339887
1.1180339887 -1.5388417686 0.6180339887
1.5388417686 -1.1180339887 0.6180339887
1.8090169944 -0.5877852523 0.6180339887
1.9753766812 0.0000000000 0.3128689301
1.8786948648 0.6104249648 0.3128689301
1.5981133054 1.1610972809 0.3128689301
1.1610972809 1.5981133054 0.3128689301
0.6104249648 1.8786948648 0.3128689301
0.0000000000 1.9753766812 0.3128689301
-0.6104249648 1.8786948648 0.3128689301
-1.1610972809 1.5981133054 0.3128689301
-1.5981133054 1.1610972809 0.3128689301
-1.8786948648 0.6104249648 0.3128689301
-1.9753766812 0.0000000000 0.3128689301
-1.8786948648 -0.6104249648 0.3128689301
-1.5981133054 -1.1610972809 0.3128689301
-1.1610972809 -1.5981133054 0.3128689301
-0.6104249648 -1.8786948648 0.3128689301
-0.0000000000 -1.9753766812 0.3128689301
0.6104249648 -1.8786948648 0.3128689301
1.1610972809 -1.5981133054 0.3128689301
1.5981133054 -1.1610972809 0.3128689301
1.8786948648 -0.6104249648 0.3128689301
2.0000000000 0.0000000000 0.0000000000
1.9021130326 0.6180339887 0.0000000000
1.6180339887 1.1755705046 0.0000000000
1.1755705046 1.6180339887 0.0000000000
0.6180339887 1.9021130326 0.0000000000
0.0000000000 2.0000000000 0.0000000000
-0.6180339887 1.9021130326 0.0000000000
-1.1755705046 1.6180339887 0.0000000000
-1.6180339887 1.1755705046 0.0000000000
-1.9021130326 0.6180339887 0.0000000000
-2.0000000000 0.0000000000 0.0000000000
-1.9021130326 -0.6180339887 0.0000000000
-1.6180339887 -1.1755705046 0.0000000000
-1.1755705046 -1.6180339887 0.0000000000
-0.6180339887 -1.9021130326 0.0000000000
-0.0000000000 -2.0000000000 0.0000000000
0.6180339887 -1.9021130326 0.0000000000
1.1755705046 -1.6180339887 0.0000000000
1.6180339887 -1.1755705046 0.0000000000
1.9021130326 -0.6180339887 0.0000000000
1.9753766812 0.0000000000 -0.3128689301
1.8786948648 0.6104249648 -0.3128689301
1.5981133054 1.1610972809 -0.3128689301
1.1610972809 1.5981133054 -0.3128689301
0.6104249648 1.8786948648 -0.3128689301
0.0000000000 1.9753766812 -0.3128689301
-0.6104249648 1.8786948648 -0.3128689301
-1.1610972809 1.5981133054 -0.3128689301
-1.5981133054 1.1610972809 -0.3128689301
-1.8786948648 0.6104249648 -0.3128689301
-1.9753766812 0.0000000000 -0.3128689301
-1.8786948648 -0.6104249648 -0.3128689301
-1.5981133054 -1.1610972809 -0.3128689301
-1.1610972809 -1.5981133054 -0.3128689301
-0.6104249648 -1.8786948648 -0.3128689301
-0.0000000000 -1.9753766812 -0.3128689301
0.6104249648 -1.8786948648 -0.3128689301
1.1610972809 -1.5981133054 -0.3128689301
1.5981133054 -1.1610972809 -0.3128689301
1.8786948648 -0.6104249648 -0.3128689301
1.9021130326 0.0000000000 -0.6180339887
1.8090169944 0.5877852523 -0.6180339887
1.5388417686 1.1180339887 -0.6180339887
1.1180339887 1.5388417686 -0.6180339887
0.5877852523 1.8090169944 -0.6180339887
0.0000000000 1.9021130326 -0.6180339887
-0.5877852523 1.8090169944 -0.6180339887
-1.1180339887 1.5388417686 -0.6180339887
-1.5388417686 1.1180339887 -0.6180339887
-1.8090169944 0.5877852523 -0.6180339887
-1.9021130326 0.0000000000 -0.6180339887
-1.8090169944 -0.5877852523 -0.6180339887
-1.5388417686 -1.1180339887 -0.6180339887
-1.1180339887 -1.5388417686 -0.6180339887
-0.5877852523 -1.8090169944 -0.6180339887
-0.0000000000 -1.9021130326 -0.6180339887
0.5877852523 -1.8090169944 -0.6180339887
1.1180339887 -1.5388417686 -0.6180339887
1.5388417686 -1.1180339887 -0.6180339887
1.8090169944 -0.5877852523 -0.6180339887
1.7820130484 0.0000000000 -0.9079809995
1.6947951218 0.5506723161 -0.9079809995
1.4416788403 1.0474409892 -0.9079809995
1.0474409892 1.4416788403 -0.9079809995
0.5506723161 1.6947951218 -0.9079809995
0.0000000000 1.7820130484 -0.9079809995
-0.5506723161 1.6947951218 -0.9079809995
-1.0474409892 1.4416788403 -0.9079809995
-1.4416788403 1.0474409892 -0.9079809995
-1.6947951218 0.5506723161 -0.9079809995
-1.7820130484 0.0000000000 -0.9079809995
-1.6947951218 -0.5506723161 -0.9079809995
-1.4416788403 -1.0474409892 -0.9079809995
-1.0474409892 -1.4416788403 -0.9079809995
-0.5506723161 -1.6947951218 -0.9079809995
-0.0000000000 -1.7820130484 -0.9079809995
0.5506723161 -1.6947951218 -0.9079809995
1.0474409892 -1.4416788403 -0.9079809995
1.4416788403 -1.0474409892 -0.9079809995
1.6947951218 -0.5506723161 -0.9079809995
1.6180339887 0.0000000000 -1.1755705046
1.5388417686 0.5000000000 -1.1755705046
1.3090169944 0.9510565163 -1.1755705046
0.9510565163 1.3090169944 -1.1755705046
0.5000000000 1.5388417686 -1.1755705046
0.0000000000 1.6180339887 -1.1755705046
-0.5000000000 1.5388417686 -1.1755705046
-0.9510565163 1.3090169944 -1.1755705046
-1.3090169944 0.9510565163 -1.1755705046
-1.5388417686 0.5000000000 -1.1755705046
-1.6180339887 0.0000000000 -1.1755705046
-1.5388417686 -0.5000000000 -1.1755705046
-1.3090169944 -0.9510565163 -1.1755705046
-0.9510565163 -1.3090169944 -1.1755705046
-0.5000000000 -1.5388417686 -1.1755705046
-0.0000000000 -1.6180339887 -1.1755705046
0.5000000000 -1.5388417686 -1.1755705046
0.9510565163 -1.3090169944 -1.1755705046
1.3090169944 -0.9510565163 -1.1755705046
1.5388417686 -0.5000000000 -1.1755705046
1.4142135624 0.0000000000 -1.4142135624
1.3449970239 0.4370160244 -1.4142135624
1.1441228056 0.8312538756 -1.4142135624
0.8312538756 1.1441228056 -1.4142135624
0.4370160244 1.3449970239 -1.4142135624
0.0000000000 1.4142135624 -1.4142135624
-0.4370160244 1.3449970239 -1.4142135624
-0.8312538756 1.1441228056 -1.4142135624
-1.1441228056 0.8312538756 -1.4142135624
-1.3449970239 0.4370160244 -1.4142135624
-1.4142135624 0.0000000000 -1.4142135624
-1.3449970239 -0.4370160244 -1.4142135624
-1.1441228056 -0.8312538756 -1.4142135624
-0.8312538756 -1.1441228056 -1.4142135624
-0.4370160244 -1.3449970239 -1.4142135624
-0.0000000000 -1.4142135624 -1.4142135624
0.4370160244 -1.3449970239 -1.4142135624
0.8312538756 -1.1441228056 -1.4142135624
1.1441228056 -0.8312538756 -1.4142135624
1.3449970239 -0.4370160244 -1.4142135624
1.1755705046 0.0000000000 -1.6180339887
1.1180339887 0.3632712640 -1.6180339887
0.9510565163 0.6909830056 -1.6180339887
0.6909830056 0.9510565163 -1.6180339887
0.3632712640 1.1180339887 -1.6180339887
0.0000000000 1.1755705046 -1.6180339887
-0.3632712640 1.1180339887 -1.6180339887
-0.6909830056 0.9510565163 -1.6180339887
-0.9510565163 0.6909830056 -1.6180339887
-1.1180339887 0.3632712640 -1.6180339887
-1.1755705046 0.0000000000 -1.6180339887
-1.1180339887 -0.3632712640 -1.6180339887
-0.9510565163 -0.6909830056 -1.6180339887
-0.6909830056 -0.9510565163 -1.6180339887
-0.3632712640 -1.1180339887 -1.6180339887
-0.0000000000 -1.1755705046 -1.6180339887
0.3632712640 -1.1180339887 -1.6180339887
0.6909830056 -0.9510565163 -1.6180339887
0.9510565163 -0.6909830056 -1.6180339887
1.1180339887 -0.3632712640 -1.6180339887
0.9079809995 0.0000000000 -1.7820130484
0.8635412462 0.2805815594 -1.7820130484
0.7345720591 0.5336978409 -1.7820130484
0.5336978409 0.7345720591 -1.7820130484
0.2805815594 0.8635412462 -1.7820130484
0.0000000000 0.9079809995 -1.7820130484
-0.2805815594 0.8635412462 -1.7820130484
-0.5336978409 0.7345720591 -1.7820130484
-0.7345720591 0.5336978409 -1.7820130484
-0.8635412462 0.2805815594 -1.7820130484
-0.9079809995 0.0000000000 -1.7820130484
-0.8635412462 -0.2805815594 -1.7820130484
-0.7345720591 -0.5336978409 -1.7820130484
-0.5336978409 -0.7345720591 -1.7820130484
-0.2805815594 -0.8635412462 -1.7820130484
-0.0000000000 -0.9079809995 -1.7820130484
0.2805815594 -0.8635412462 -1.7820130484
0.5336978409 -0.7345720591 -1.7820130484
0.7345720591 -0.5336978409 -1.7820130484
0.8635412462 -0.2805815594 -1.7820130484
0.6180339887 0.0000000000 -1.9021130326
0.5877852523 0.1909830056 -1.9021130326
0.5000000000 0.3632712640 -1.9021130326
0.3632712640 0.5000000000 -1.9021130326
0.1909830056 0.5877852523 -1.9021130326
0.0000000000 0.6180339887 -1.9021130326
-0.1909830056 0.5877852523 -1.9021130326
-0.3632712640 0.5000000000 -1.9021130326
-0.5000000000 0.3632712640 -1.9021130326
-0.5877852523 0.1909830056 -1.9021130326
-0.6180339887 0.0000000000 -1.9021130326
-0.5877852523 -0.1909830056 -1.9021130326
-0.5000000000 -0.3632712640 -1.9021130326
-0.3632712640 -0.5000000000 -1.9021130326
-0.1909830056 -0.5877852523 -1.9021130326
-0.0000000000 -0.6180339887 -1.9021130326
0.1909830056 -0.5877852523 -1.9021130326
0.3632712640 -0.5000000000 -1.9021130326
0.5000000000 -0.3632712640 -1.9021130326
0.5877852523 -0.1909830056 -1.9021130326
0.6180339887 0.0000000000 -1.9021130326
0.5877852523 0.1909830056 -1.9021130326
0.5000000000 0.3632712640 -1.9021130326
0.3632712640 0.5000000000 -1.9021130326
0.1909830056 0.5877852523 -1.9021130326
0.0000000000 0.6180339887 -1.9021130326
-0.1909830056 0.5877852523 -1.9021130326
-0.3632712640 0.5000000000 -1.9021130326
-0.5000000000 0.3632712640 -1.9021130326
-0.5877852523 0.1909830056 -1.9021130326
-0.6180339887 0.0000000000 -1.9021130326
-0.5877852523 -0.1909830056 -1.9021130326
-0.5000000000 -0.3632712640 -1.9021130326
-0.3632712640 -0.5000000000 -1.9021130326
-0.1909830056 -0.5877852523 -1.9021130326
-0.0000000000 -0.6180339887 -1.9021130326
0.1909830056 -0.5877852523 -1.9021130326
0.3632712640 -0.5000000000 -1.9021130326
0.5000000000 -0.3632712640 -1.9021130326
0.5877852523 -0.1909830056 -1.9021130326
0.3128689301 0.0000000000 -1.9753766812
0.2975560347 0.0966818164 -1.9753766812
0.2531162814 0.1838997430 -1.9753766812
0.1838997430 0.2531162814 -1.9753766812
0.0966818164 0.2975560347 -1.9753766812
0.0000000000 0.3128689301 -1.9753766812
-0.0966818164 0.2975560347 -1.9753766812
-0.1838997430 0.2531162814 -1.9753766812
-0.2531162814 0.1838997430 -1.9753766812
-0.2975560347 0.0966818164 -1.9753766812
-0.3128689301 0.0000000000 -1.9753766812
-0.2975560347 -0.0966818164 -1.9753766812
-0.2531162814 -0.1838997430 -1.9753766812
-0.1838997430 -0.2531162814 -1.9753766812
-0.0966818164 -0.2975560347 -1.9753766812
-0.0000000000 -0.3128689301 -1.9753766812
0.0966818164 -0.2975560347 -1.9753766812
0.1838997430 -0.2531162814 -1.9753766812
0.2531162814 -0.1838997430 -1.9753766812
0.2975560347 -0.0966818164 -1.9753766812
0.0000000000 0.0000000000 0.0000000000
0.0000000000 0.0000000000 0.0000000000
0.0000000000 0.0000000000 0.0000000000
0.0000000000 0.0000000000 0.0000000000
0.0000000000 0.0000000000 0.0000000000
0.0000000000 -0.0000000000 0.0000000000
0.0000000000 0.0000000000 0.0000000000
0.0000000000 0.0000000000 0.0000000000
0.0000000000 0.0000000000 0.0000000000
0.0000000000 0.0000000000 0.0000000000
0.0000000000 0.0000000000 0.0000000000
0.0000000000 0.0000000000 0.0000000000
0.0000000000 0.0000000000 0.0000000000
0.0000000000 0.0000000000 0.0000000000
0.0000000000 0.0000000000 0.0000000000
0.0000000000 0.0000000000 0.0000000000
0.0000000000 0.0000000000 0.0000000000
0.0000000000 0.0000000000 0.0000000000
0.0000000000 0.0000000000 0.0000000000
-0.0000000000 0.0000000000 0.0000000000
0.0000000000 -0.0000000000 0.0000000000
0.0000000000 -0.0000000000 0.0000000000
0.0000000000 -0.0000000000 0.0000000000
0.0000000000 -0.0000000000 0.0000000000
0.0000000000 -0.0000000000 0.0000000000
0.0000000000 0.0000000000 0.0000000000
0.0000000000 0.0000000000 -0.0000000000
0.0000000000 0.0000000000 -0.0000000000
0.0000000000 0.0000000000 -0.0000000000
0.0000000000 0.0000000000 -0.0000000000
0.0000000000 0.0000000000 0.0000000000
0.0000000000 0.0000000000 0.0000000000
0.0000000000 0.0000000000 0.0000000000
0.0000000000 0.0000000000 0.0000000000
0.0000000000 0.0000000000 0.0000000000
0.0000000000 0.0000000000 0.0000000000
0.0000000000 -0.0000000000 0.0000000000
0.0000000000 -0.0000000000 0.0000000000
0.0000000000 -0.0000000000 0.0000000000
0.0000000000 -0.0000000000 0.0000000000
0.0070832626 0.0011218786 0.0295039122
0.0063899035 0.0032558185 0.0295039122
0.0050710561 0.0050710561 0.0295039122
0.0032558185 0.0063899035 0.0295039122
0.0011218786 0.0070832626 0.0295039122
-0.0011218786 0.0070832626 0.0295039122
-0.0032558185 0.0063899035 0.0295039122
-0.0050710561 0.0050710561 0.0295039122
-0.0063899035 0.0032558185 0.0295039122
-0.0070832626 0.0011218786 0.0295039122
-0.0070832626 -0.0011218786 0.0295039122
-0.0063899035 -0.0032558185 0.0295039122
-0.0050710561 -0.0050710561 0.0295039122
-0.0032558185 -0.0063899035 0.0295039122
-0.0011218786 -0.0070832626 0.0295039122
0.0011218786 -0.0070832626 0.0295039122
0.0032558185 -0.0063899035 0.0295039122
0.0050710561 -0.0050710561 0.0295039122
0.0063899035 -0.0032558185 0.0295039122
0.0070832626 -0.0011218786 0.0295039122
0.0229370560 0.0036328728 0.0553749516
0.0206918171 0.0105430074 0.0553749516
0.0164211190 0.0164211190 0.0553749516
0.0105430074 0.0206918171 0.0553749516
0.0036328728 0.0229370560 0.0553749516
-0.0036328728 0.0229370560 0.0553749516
-0.0105430074 0.0206918171 0.0553749516
-0.0164211190 0.0164211190 0.0553749516
-0.0206918171 0.0105430074 0.0553749516
-0.0229370560 0.0036328728 0.0553749516
-0.0229370560 -0.0036328728 0.0553749516
-0.0206918171 -0.0105430074 0.0553749516
-0.0164211190 -0.0164211190 0.0553749516
-0.0105430074 -0.0206918171 0.0553749516
-0.0036328728 -0.0229370560 0.0553749516
0.0036328728 -0.0229370560 0.0553749516
0.0105430074 -0.0206918171 0.0553749516
0.0164211190 -0.0164211190 0.0553749516
0.0206918171 -0.0105430074 0.0553749516
0.0229370560 -0.0036328728 0.0553749516
0.0460095003 0.0072871889 0.0750806806
0.0415057698 0.0211482460 0.0750806806
0.0329391654 0.0329391654 0.0750806806
0.0211482460 0.0415057698 0.0750806806
0.0072871889 0.0460095003 0.0750806806
-0.0072871889 0.0460095003 0.0750806806
-0.0211482460 0.0415057698 0.0750806806
-0.0329391654 0.0329391654 0.0750806806
-0.0415057698 0.0211482460 0.0750806806
-0.0460095003 0.0072871889 0.0750806806
-0.0460095003 -0.0072871889 0.0750806806
-0.0415057698 -0.0211482460 0.0750806806
-0.0329391654 -0.0329391654 0.0750806806
-0.0211482460 -0.0415057698 0.0750806806
-0.0072871889 -0.0460095003 0.0750806806
0.0072871889 -0.0460095003 0.0750806806
0.0211482460 -0.0415057698 0.0750806806
0.0329391654 -0.0329391654 0.0750806806
0.0415057698 -0.0211482460 0.0750806806
0.0460095003 -0.0072871889 0.0750806806
0.0740421039 0.0117271172 0.0866921652
0.0667943469 0.0340334196 0.0866921652
0.0530082938 0.0530082938 0.0866921652
0.0340334196 0.0667943469 0.0866921652
0.0117271172 0.0740421039 0.0866921652
-0.0117271172 0.0740421039 0.0866921652
-0.0340334196 0.0667943469 0.0866921652
-0.0530082938 0.0530082938 0.0866921652
-0.0667943469 0.0340334196 0.0866921652
-0.0740421039 0.0117271172 0.0866921652
-0.0740421039 -0.0117271172 0.0866921652
-0.0667943469 -0.0340334196 0.0866921652
-0.0530082938 -0.0530082938 0.0866921652
-0.0340334196 -0.0667943469 0.0866921652
-0.0117271172 -0.0740421039 0.0866921652
0.0117271172 -0.0740421039 0.0866921652
0.0340334196 -0.0667943469 0.0866921652
0.0530082938 -0.0530082938 0.0866921652
0.0667943469 -0.0340334196 0.0866921652
0.0740421039 -0.0117271172 0.0866921652
0.1042908404 0.0165180464 0.0890727924
0.0940821263 0.0479372377 0.0890727924
0.0746639982 0.0746639982 0.0890727924
0.0479372377 0.0940821263 0.0890727924
0.0165180464 0.1042908404 0.0890727924
-0.0165180464 0.1042908404 0.0890727924
-0.0479372377 0.0940821263 0.0890727924
-0.0746639982 0.0746639982 0.0890727924
-0.0940821263 0.0479372377 0.0890727924
-0.1042908404 0.0165180464 0.0890727924
-0.1042908404 -0.0165180464 0.0890727924
-0.0940821263 -0.0479372377 0.0890727924
-0.0746639982 -0.0746639982 0.0890727924
-0.0479372377 -0.0940821263 0.0890727924
-0.0165180464 -0.1042908404 0.0890727924
0.0165180464 -0.1042908404 0.0890727924
0.0479372377 -0.0940821263 0.0890727924
0.0746639982 -0.0746639982 0.0890727924
0.0940821263 -0.0479372377 0.0890727924
0.1042908404 -0.0165180464 0.0890727924
0.1337947526 0.0211910070 0.0819895298
0.1206979900 0.0614986976 0.0819895298
0.0957864672 0.0957864672 0.0819895298
0.0614986976 0.1206979900 0.0819895298
0.0211910070 0.1337947526 0.0819895298
-0.0211910070 0.1337947526 0.0819895298
-0.0614986976 0.1206979900 0.0819895298
-0.0957864672 0.0957864672 0.0819895298
-0.1206979900 0.0614986976 0.0819895298
-0.1337947526 0.0211910070 0.0819895298
-0.1337947526 -0.0211910070 0.0819895298
-0.1206979900 -0.0614986976 0.0819895298
-0.0957864672 -0.0957864672 0.0819895298
-0.0614986976 -0.1206979900 0.0819895298
-0.0211910070 -0.1337947526 0.0819895298
0.0211910070 -0.1337947526 0.0819895298
0.0614986976 -0.1206979900 0.0819895298
0.0957864672 -0.0957864672 0.0819895298
0.1206979900 -0.0614986976 0.0819895298
0.1337947526 -0.0211910070 0.0819895298
0.1596657920 0.0252885771 0.0661357365
0.1440365918 0.0733903092 0.0661357365
0.1143080864 0.1143080864 0.0661357365
0.0733903092 0.1440365918 0.0661357365
0.0252885771 0.1596657920 0.0661357365
-0.0252885771 0.1596657920 0.0661357365
-0.0733903092 0.1440365918 0.0661357365
-0.1143080864 0.1143080864 0.0661357365
-0.1440365918 0.0733903092 0.0661357365
-0.1596657920 0.0252885771 0.0661357365
-0.1596657920 -0.0252885771 0.0661357365
-0.1440365918 -0.0733903092 0.0661357365
-0.1143080864 -0.1143080864 0.0661357365
-0.0733903092 -0.1440365918 0.0661357365
-0.0252885771 -0.1596657920 0.0661357365
0.0252885771 -0.1596657920 0.0661357365
0.0733903092 -0.1440365918 0.0661357365
0.1143080864 -0.1143080864 0.0661357365
0.1440365918 -0.0733903092 0.0661357365
0.1596657920 -0.0252885771 0.0661357365
0.1793715210 0.0284096580 0.0430632922
0.1618133868 0.0824480386 0.0430632922
0.1284158308 0.1284158308 0.0430632922
0.0824480386 0.1618133868 0.0430632922
0.0284096580 0.1793715210 0.0430632922
-0.0284096580 0.1793715210 0.0430632922
-0.0824480386 0.1618133868 0.0430632922
-0.1284158308 0.1284158308 0.0430632922
-0.1618133868 0.0824480386 0.0430632922
-0.1793715210 0.0284096580 0.0430632922
-0.1793715210 -0.0284096580 0.0430632922
-0.1618133868 -0.0824480386 0.0430632922
-0.1284158308 -0.1284158308 0.0430632922
-0.0824480386 -0.1618133868 0.0430632922
-0.0284096580 -0.1793715210 0.0430632922
0.0284096580 -0.1793715210 0.0430632922
0.0824480386 -0.1618133868 0.0430632922
0.1284158308 -0.1284158308 0.0430632922
0.1618133868 -0.0824480386 0.0430632922
0.1793715210 -0.0284096580 0.0430632922
0.1909830056 0.0302487365 0.0150306885
0.1722882584 0.0877852523 0.0150306885
0.1367287360 0.1367287360 0.0150306885
0.0877852523 0.1722882584 0.0150306885
0.0302487365 0.1909830056 0.0150306885
-0.0302487365 0.1909830056 0.0150306885
-0.0877852523 0.1722882584 0.0150306885
-0.1367287360 0.1367287360 0.0150306885
-0.1722882584 0.0877852523 0.0150306885
-0.1909830056 0.0302487365 0.0150306885
-0.1909830056 -0.0302487365 0.0150306885
-0.1722882584 -0.0877852523 0.0150306885
-0.1367287360 -0.1367287360 0.0150306885
-0.0877852523 -0.1722882584 0.0150306885
-0.0302487365 -0.1909830056 0.0150306885
0.0302487365 -0.1909830056 0.0150306885
0.0877852523 -0.1722882584 0.0150306885
0.1367287360 -0.1367287360 0.0150306885
0.1722882584 -0.0877852523 0.0150306885
0.1909830056 -0.0302487365 0.0150306885
0.1933636328 0.0306257908 -0.0152180479
0.1744358532 0.0888795065 -0.0152180479
0.1384330769 0.1384330769 -0.0152180479
0.0888795065 0.1744358532 -0.0152180479
0.0306257908 0.1933636328 -0.0152180479
-0.0306257908 0.1933636328 -0.0152180479
-0.0888795065 0.1744358532 -0.0152180479
-0.1384330769 0.1384330769 -0.0152180479
-0.1744358532 0.0888795065 -0.0152180479
-0.1933636328 0.0306257908 -0.0152180479
-0.1933636328 -0.0306257908 -0.0152180479
-0.1744358532 -0.0888795065 -0.0152180479
-0.1384330769 -0.1384330769 -0.0152180479
-0.0888795065 -0.1744358532 -0.0152180479
-0.0306257908 -0.1933636328 -0.0152180479
0.0306257908 -0.1933636328 -0.0152180479
0.0888795065 -0.1744358532 -0.0152180479
0.1384330769 -0.1384330769 -0.0152180479
0.1744358532 -0.0888795065 -0.0152180479
0.1933636328 -0.0306257908 -0.0152180479
0.1862803702 0.0295039122 -0.0447219601
0.1680459497 0.0856236880 -0.0447219601
0.1333620207 0.1333620207 -0.0447219601
0.0856236880 0.1680459497 -0.0447219601
0.0295039122 0.1862803702 -0.0447219601
-0.0295039122 0.1862803702 -0.0447219601
-0.0856236880 0.1680459497 -0.0447219601
-0.1333620207 0.1333620207 -0.0447219601
-0.1680459497 0.0856236880 -0.0447219601
-0.1862803702 0.0295039122 -0.0447219601
-0.1862803702 -0.0295039122 -0.0447219601
-0.1680459497 -0.0856236880 -0.0447219601
-0.1333620207 -0.1333620207 -0.0447219601
-0.0856236880 -0.1680459497 -0.0447219601
-0.0295039122 -0.1862803702 -0.0447219601
0.0295039122 -0.1862803702 -0.0447219601
0.0856236880 -0.1680459497 -0.0447219601
0.1333620207 -0.1333620207 -0.0447219601
0.1680459497 -0.0856236880 -0.0447219601
0.1862803702 -0.0295039122 -0.0447219601
0.1704265769 0.0269929180 -0.0705929995
0.1537440361 0.0783364991 -0.0705929995
0.1220119579 0.1220119579 -0.0705929995
0.0783364991 0.1537440361 -0.0705929995
0.0269929180 0.1704265769 -0.0705929995
-0.0269929180 0.1704265769 -0.0705929995
-0.0783364991 0.1537440361 -0.0705929995
-0.1220119579 0.1220119579 -0.0705929995
-0.1537440361 0.0783364991 -0.0705929995
-0.1704265769 0.0269929180 -0.0705929995
-0.1704265769 -0.0269929180 -0.0705929995
-0.1537440361 -0.0783364991 -0.0705929995
-0.1220119579 -0.1220119579 -0.0705929995
-0.0783364991 -0.1537440361 -0.0705929995
-0.0269929180 -0.1704265769 -0.0705929995
0.0269929180 -0.1704265769 -0.0705929995
0.0783364991 -0.1537440361 -0.0705929995
0.1220119579 -0.1220119579 -0.0705929995
0.1537440361 -0.0783364991 -0.0705929995
0.1704265769 -0.0269929180 -0.0705929995
0.1473541326 0.0233386018 -0.0902987286
0.1329300834 0.0677312605 -0.0902987286
0.1054939115 0.1054939115 -0.0902987286
0.0677312605 0.1329300834 -0.0902987286
0.0233386018 0.1473541326 -0.0902987286
-0.0233386018 0.1473541326 -0.0902987286
-0.0677312605 0.1329300834 -0.0902987286
-0.1054939115 0.1054939115 -0.0902987286
-0.1329300834 0.0677312605 -0.0902987286
-0.1473541326 0.0233386018 -0.0902987286
-0.1473541326 -0.0233386018 -0.0902987286
-0.1329300834 -0.0677312605 -0.0902987286
-0.1054939115 -0.1054939115 -0.0902987286
-0.0677312605 -0.1329300834 -0.0902987286
-0.0233386018 -0.1473541326 -0.0902987286
0.0233386018 -0.1473541326 -0.0902987286
0.0677312605 -0.1329300834 -0.0902987286
0.1054939115 -0.1054939115 -0.0902987286
0.1329300834 -0.0677312605 -0.0902987286
0.1473541326 -0.0233386018 -0.0902987286
0.1193215289 0.0188986736 -0.1019102132
0.1076415063 0.0548460869 -0.1019102132
0.0854247831 0.0854247831 -0.1019102132
0.0548460869 0.1076415063 -0.1019102132
0.0188986736 0.1193215289 -0.1019102132
-0.0188986736 0.1193215289 -0.1019102132
-0.0548460869 0.1076415063 -0.1019102132
-0.0854247831 0.0854247831 -0.1019102132
-0.1076415063 0.0548460869 -0.1019102132
-0.1193215289 0.0188986736 -0.1019102132
-0.1193215289 -0.0188986736 -0.1019102132
-0.1076415063 -0.0548460869 -0.1019102132
-0.0854247831 -0.0854247831 -0.1019102132
-0.0548460869 -0.1076415063 -0.1019102132
-0.0188986736 -0.1193215289 -0.1019102132
0.0188986736 -0.1193215289 -0.1019102132
0.0548460869 -0.1076415063 -0.1019102132
0.0854247831 -0.0854247831 -0.1019102132
0.1076415063 -0.0548460869 -0.1019102132
0.1193215289 -0.0188986736 -0.1019102132
0.0890727924 0.0141077444 -0.1042908404
0.0803537269 0.0409422688 -0.1042908404
0.0637690787 0.0637690787 -0.1042908404
0.0409422688 0.0803537269 -0.1042908404
0.0141077444 0.0890727924 -0.1042908404
-0.0141077444 0.0890727924 -0.1042908404
-0.0409422688 0.0803537269 -0.1042908404
-0.0637690787 0.0637690787 -0.1042908404
-0.0803537269 0.0409422688 -0.1042908404
-0.0890727924 0.0141077444 -0.1042908404
-0.0890727924 -0.0141077444 -0.1042908404
-0.0803537269 -0.0409422688 -0.1042908404
-0.0637690787 -0.0637690787 -0.1042908404
-0.0409422688 -0.0803537269 -0.1042908404
-0.0141077444 -0.0890727924 -0.1042908404
0.0141077444 -0.0890727924 -0.1042908404
0.0409422688 -0.0803537269 -0.1042908404
0.0637690787 -0.0637690787 -0.1042908404
0.0803537269 -0.0409422688 -0.1042908404
0.0890727924 -0.0141077444 -0.1042908404
0.0595688803 0.0094347838 -0.0972075778
0.0537378632 0.0273808089 -0.0972075778
0.0426466097 0.0426466097 -0.0972075778
0.0273808089 0.0537378632 -0.0972075778
0.0094347838 0.0595688803 -0.0972075778
-0.0094347838 0.0595688803 -0.0972075778
-0.0273808089 0.0537378632 -0.0972075778
-0.0426466097 0.0426466097 -0.0972075778
-0.0537378632 0.0273808089 -0.0972075778
-0.0595688803 0.0094347838 -0.0972075778
-0.0595688803 -0.0094347838 -0.0972075778
-0.0537378632 -0.0273808089 -0.0972075778
-0.0426466097 -0.0426466097 -0.0972075778
-0.0273808089 -0.0537378632 -0.0972075778
-0.0094347838 -0.0595688803 -0.0972075778
0.0094347838 -0.0595688803 -0.0972075778
0.0273808089 -0.0537378632 -0.0972075778
0.0426466097 -0.0426466097 -0.0972075778
0.0537378632 -0.0273808089 -0.0972075778
0.0595688803 -0.0094347838 -0.0972075778
0.0336978409 0.0053372137 -0.0813537844
0.0303992614 0.0154891973 -0.0813537844
0.0241249904 0.0241249904 -0.0813537844
0.0154891973 0.0303992614 -0.0813537844
0.0053372137 0.0336978409 -0.0813537844
-0.0053372137 0.0336978409 -0.0813537844
-0.0154891973 0.0303992614 -0.0813537844
-0.0241249904 0.0241249904 -0.0813537844
-0.0303992614 0.0154891973 -0.0813537844
-0.0336978409 0.0053372137 -0.0813537844
-0.0336978409 -0.0053372137 -0.0813537844
-0.0303992614 -0.0154891973 -0.0813537844
-0.0241249904 -0.0241249904 -0.0813537844
-0.0154891973 -0.0303992614 -0.0813537844
-0.0053372137 -0.0336978409 -0.0813537844
0.0053372137 -0.0336978409 -0.0813537844
0.0154891973 -0.0303992614 -0.0813537844
0.0241249904 -0.0241249904 -0.0813537844
0.0303992614 -0.0154891973 -0.0813537844
0.0336978409 -0.0053372137 -0.0813537844
0.0186947472 0.0029609571 -0.1180339887
0.0168647751 0.0085930321 -0.1180339887
0.0133839613 0.0133839613 -0.1180339887
0.0085930321 0.0168647751 -0.1180339887
0.0029609571 0.0186947472 -0.1180339887
-0.0029609571 0.0186947472 -0.1180339887
-0.0085930321 0.0168647751 -0.1180339887
-0.0133839613 0.0133839613 -0.1180339887
-0.0168647751 0.0085930321 -0.1180339887
-0.0186947472 0.0029609571 -0.1180339887
-0.0186947472 -0.0029609571 -0.1180339887
-0.0168647751 -0.0085930321 -0.1180339887
-0.0133839613 -0.0133839613 -0.1180339887
-0.0085930321 -0.0168647751 -0.1180339887
-0.0029609571 -0.0186947472 -0.1180339887
0.0029609571 -0.0186947472 -0.1180339887
0.0085930321 -0.0168647751 -0.1180339887
0.0133839613 -0.0133839613 -0.1180339887
0.0168647751 -0.0085930321 -0.1180339887
0.0047026354 -0.0161525671 -0.0597526486
0.0023806272 0.0003770543 -0.0302487365
0.0021475948 0.0010942542 -0.0302487365
0.0017043409 0.0017043409 -0.0302487365
0.0010942542 0.0021475948 -0.0302487365
0.0003770543 0.0023806272 -0.0302487365
-0.0003770543 0.0023806272 -0.0302487365
-0.0010942542 0.0021475948 -0.0302487365
-0.0017043409 0.0017043409 -0.0302487365
-0.0021475948 0.0010942542 -0.0302487365
-0.0023806272 0.0003770543 -0.0302487365
-0.0023806272 -0.0003770543 -0.0302487365
-0.0021475948 -0.0010942542 -0.0302487365
-0.0017043409 -0.0017043409 -0.0302487365
-0.0010942542 -0.0021475948 -0.0302487365
-0.0003770543 -0.0023806272 -0.0302487365
0.0003770543 -0.0023806272 -0.0302487365
0.0010942542 -0.0021475948 -0.0302487365
0.0017043409 -0.0017043409 -0.0302487365
0.0021475948 -0.0010942542 -0.0302487365
0.0094638898 0.0139088099 -0.0597526486
3 0 2 3 0 0 0
3 0 3 4 1 1 1
3 0 4 5 2 2 2
3 0 5 6 3 3 3
3 0 6 7 4 4 4
3 0 7 8 5 5 5
3 0 8 9 6 6 6
3 0 9 10 7 7 7
3 0 10 11 8 8 8
3 0 11 12 9 9 9
3 0 12 13 10 10 10
3 0 13 14 11 11 11
3 0 14 15 12 12 12
3 0 15 16 13 13 13
3 0 16 17 14 14 14
3 0 17 18 15 15 15
3 0 18 19 16 16 16
3 0 19 20 17 17 17
3 0 20 21 18 18 18
3 0 21 2 19 19 19
4 2 3 22 23 20 20 20 20
4 3 4 23 24 21 21 21 21
4 4 5 24 25 22 22 22 22
4 5 6 25 26 23 23 23 23
4 6 7 26 27 24 24 24 24
4 7 8 27 28 25 25 25 25
4 8 9 28 29 26 26 26 26
4 9 10 29 30 27 27 27 27
4 10 11 30 31 28 28 28 28
4 11 12 31 32 29 29 29 29
4 12 13 32 33 30 30 30 30
4 13 14 33 34 31 31 31 31
4 14 15 34 35 32 32 32 32
4 15 16 35 36 33 33 33 33
4 16 17 36 37 34 34 34 34
4 17 18 37 38 35 35 35 35
4 18 19 38 39 36 36 36 36
4 19 20 39 40 37 37 37 37
4 20 21 40 41 38 38 38 38
4 21 2 41 22 39 39 39 39
4 22 23 42 43 40 40 40 40
4 23 24 43 44 41 41 41 41
4 24 25 44 45 42 42 42 42
4 25 26 45 46 43 43 43 43
4 26 27 46 47 44 44 44 44
4 27 28 47 48 45 45 45 45
4 28 29 48 49 46 46 46 46
4 29 30 49 50 47 47 47 47
4 30 31 50 51 48 48 48 48
4 31 32 51 52 49 49 49 49
4 32 33 52 53 50 50 50 50
4 33 34 53 54 51 51 51 51
4 34 35 54 55 52 52 52 52
4 35 36 55 56 53 53 53 53
4 36 37 56 57 54 54 54 54
4 37 38 57 58 55 55 55 55
4 38 39 58 59 56 56 56 56
4 39 40 59 60 57 57 57 57
4 40 41 60 61 58 58 58 58
4 41 22 61 42 59 59 59 59
4 42 43 62 63 60 60 60 60
4 43 44 63 64 61 61 61 61
4 44 45 64 65 62 62 62 62
4 45 46 65 66 63 63 63 63
4 46 47 66 67 64 64 64 64
4 47 48 67 68 65 65 65 65
4 48 49 68 69 66 66 66 66
4 49 50 69 70 67 67 67 67
4 50 51 70 71 68 68 68 68
4 51 52 71 72 69 69 69 69
4 52 53 72 73 70 70 70 70
4 53 54 73 74 71 71 71 71
4 54 55 74 75 72 72 72 72
4 55 56 75 76 73 73 73 73
4 56 57 76 77 74 74 74 74
4 57 58 77 78 75 75 75 75
4 58 59 78 79 76 76 76 76
4 59 60 79 80 77 77 77 77
4 60 61 80 81 78 78 78 78
4 61 42 81 62 79 79 79 79
4 62 63 82 83 80 80 80 80
4 63 64 83 84 81 81 81 81
4 64 65 84 85 82 82 82 82
4 65 66 85 86 83 83 83 83
4 66 67 86 87 84 84 84 84
4 67 68 87 88 85 85 85 85
4 68 69 88 89 86 86 86 86
4 69 70 89 90 87 87 87 87
4 70 71 90 91 88 88 88 88
4 71 72 91 92 89 89 89 89
4 72 73 92 93 90 90 90 90
4 73 74 93 94 91 91 91 91
4 74 75 94 95 92 92 92 92
4 75 76 95 96 93 93 93 93
4 76 77 96 97 94 94 94 94
4 77 78 97 98 95 95 95 95
4 78 79 98 99 96 96 96 96
4 79 80 99 100 97 97 97 97
4 80 81 100 101 98 98 98 98
4 81 62 101 82 99 99 99 99
4 82 83 102 103 100 100 100 100
4 83 84 103 104 101 101 101 101
4 84 85 104 105 102 102 102 102
4 85 86 105 106 103 103 103 103
4 86 87 106 107 104 104 104 104
4 87 88 107 108 105 105 105 105
4 88 89 108 109 106 106 106 106
4 89 90 109 110 107 107 107 107
4 90 91 110 111 108 108 108 108
4 91 92 111 112 109 109 109 109
4 92 93 112 113 110 110 110 110
4 93 94 113 114 111 111 111 111
4 94 95 114 115 112 112 112 112
4 95 96 115 116 113 113 113 113
4 96 97 116 117 114 114 114 114
4 97 98 117 118 115 115 115 115
4 98 99 118 119 116 116 116 116
4 99 100 119 120 117 117 117 117
4 100 101 120 121 118 118 118 118
4 101 82 121 102 119 119 119 119
4 102 103 122 123 120 120 120 120
4 103 104 123 124 121 121 121 121
4 104 105 124 125 122 122 122 122
4 105 106 125 126 123 123 123 123
4 106 107 126 127 124 124 124 124
4 107 108 127 128 125 125 125 125
4 108 109 128 129 126 126 126 126
4 109 110 129 130 127 127 127 127
4 110 111 130 131 128 128 128 128
4 111 112 131 132 129 129 129 129
4 112 113 132 133 130 130 130 130
4 113 114 133 134 131 131 131 131
4 114 115 134 135 132 132 132 132
4 115 116 135 136 133 133 133 133
4 116 117 136 137 134 134 134 134
4 117 118 137 138 135 135 135 135
4 118 119 138 139 136 136 136 136
4 119 120 139 140 137 137 137 137
4 120 121 140 141 138 138 138 138
4 121 102 141 122 139 139 139 139
4 122 123 142 143 140 140 140 140
4 123 124 143 144 141 141 141 141
4 124 125 144 145 142 142 142 142
4 125 126 145 146 143 143 143 143
4 126 127 146 147 144 144 144 144
4 127 128 147 148 145 145 145 145
4 128 129 148 149 146 146 146 146
4 129 130 149 150 147 147 147 147
4 130 131 150 151 148 148 148 148
4 131 132 151 152 149 149 149 149
4 132 133 152 153 150 150 150 150
4 133 134 153 154 151 151 151 151
4 134 135 154 155 152 152 152 152
4 135 136 155 156 153 153 153 153
4 136 137 156 157 154 154 154 154
4 137 138 157 158 155 155 155 155
4 138 139 158 159 156 156 156 156
4 139 140 159 160 157 157 157 157
4 140 141 160 161 158 158 158 158
4 141 122 161 142 159 159 159 159
4 142 143 162 163 160 160 160 160
4 143 144 163 164 161 161 161 161
4 144 145 164 165 162 162 162 162
4 145 146 165 166 163 163 163 163
4 146 147 166 167 164 164 164 164
4 147 148 167 168 165 165 165 165
4 148 149 168 169 166 166 166 166
4 149 150 169 170 167 167 167 167
4 150 151 170 171 168 168 168 168
4 151 152 171 172 169 169 169 169
4 152 153 172 173 170 170 170 170
4 153 154 173 174 171 171 171 171
4 154 155 174 175 172 172 172 172
4 155 156 175 176 173 173 173 173
4 156 157 176 177 174 174 174 174
4 157 158 177 178 175 175 175 175
4 158 159 178 179 176 176 176 176
4 159 160 179 180 177 177 177 177
4 160 161 180 181 178 178 178 178
4 161 142 181 162 179 179 179 179
4 162 163 182 183 180 180 180 180
4 163 164 183 184 181 181 181 181
4 164 165 184 185 182 182 182 182
4 165 166 185 186 183 183 183 183
4 166 167 186 187 184 184 184 184
4 167 168 187 188 185 185 185 185
4 168 169 188 189 186 186 186 186
4 169 170 189 190 187 187 187 187
4 170 171 190 191 188 188 188 188
4 171 172 191 192 189 189 189 189
4 172 173 192 193 190 190 190 190
4 173 174 193 194 191 191 191 191
4 174 175 194 195 192 192 192 192
4 175 176 195 196 193 193 193 193
4 176 177 196 197 194 194 194 194
4 177 178 197 198 195 195 195 195
4 178 179 198 199 196 196 196 196
4 179 180 199 200 197 197 197 197
4 180 181 200 201 198 198 198 198
4 181 162 201 182 199 199 199 199
4 182 183 202 203 200 200 200 200
4 183 184 203 204 201 201 201 201
4 184 185 204 205 202 202 202 202
4 185 186 205 206 203 203 203 203
4 186 187 206 207 204 204 204 204
4 187 188 207 208 205 205 205 205
4 188 189 208 209 206 206 206 206
4 189 190 209 210 207 207 207 207
4 190 191 210 211 208 208 208 208
4 191 192 211 212 209 209 209 209
4 192 193 212 213 210 210 210 210
4 193 194 213 214 211 211 211 211
4 194 195 214 215 212 212 212 212
4 195 196 215 216 213 213 213 213
4 196 197 216 217 214 214 214 214
4 197 198 217 218 215 215 215 215
4 198 199 218 219 216 216 216 216
4 199 200 219 220 217 217 217 217
4 200 201 220 221 218 218 218 218
4 201 182 221 202 219 219 219 219
4 202 203 222 223 220 220 220 220
4 203 204 223 224 221 221 221 221
4 204 205 224 225 222 222 222 222
4 205 206 225 226 223 223 223 223
4 206 207 226 227 224 224 224 224
4 207 208 227 228 225 225 225 225
4 208 209 228 229 226 226 226 226
4 209 210 229 230 227 227 227 227
4 210 211 230 231 228 228 228 228
4 211 212 231 232 229 229 229 229
4 212 213 232 233 230 230 230 230
4 213 214 233 234 231 231 231 231
4 214 215 234 235 232 232 232 232
4 215 216 235 236 233 233 233 233
4 216 217 236 237 234 234 234 234
4 217 218 237 238 235 235 235 235
4 218 219 238 239 236 236 236 236
4 219 220 239 240 237 237 237 237
4 220 221 240 241 238 238 238 238
4 221 202 241 222 239 239 239 239
4 222 223 242 243 240 240 240 240
4 223 224 243 244 241 241 241 241
4 224 225 244 245 242 242 242 242
4 225 226 245 246 243 243 243 243
4 226 227 246 247 244 244 244 244
4 227 228 247 248 245 245 245 245
4 228 229 248 249 246 246 246 246
4 229 230 249 250 247 247 247 247
4 230 231 250 251 248 248 248 248
4 231 232 251 252 249 249 249 249
4 232 233 252 253 250 250 250 250
4 233 234 253 254 251 251 251 251
4 234 235 254 255 252 252 252 252
4 235 236 255 256 253 253 253 253
4 236 237 256 257 254 254 254 254
4 237 238 257 258 255 255 255 255
4 238 239 258 259 256 256 256 256
4 239 240 259 260 257 257 257 257
4 240 241 260 261 258 258 258 258
4 241 222 261 242 259 259 259 259
4 242 243 262 263 260 260 260 260
4 243 244 263 264 261 261 261 261
4 244 245 264 265 262 262 262 262
4 245 246 265 266 263 263 263 263
4 246 247 266 267 264 264 264 264
4 247 248 267 268 265 265 265 265
4 248 249 268 269 266 266 266 266
4 249 250 269 270 267 267 267 267
4 250 251 270 271 268 268 268 268
4 251 252 271 272 269 269 269 269
4 252 253 272 273 270 270 270 270
4 253 254 273 274 271 271 271 271
4 254 255 274 275 272 272 272 272
4 255 256 275 276 273 273 273 273
4 256 257 276 277 274 274 274 274
4 257 258 277 278 275 275 275 275
4 258 259 278 279 276 276 276 276
4 259 260 279 280 277 277 277 277
4 260 261 280 281 278 278 278 278
4 261 242 281 262 279 279 279 279
4 262 263 282 283 280 280 280 280
4 263 264 283 284 281 281 281 281
4 264 265 284 285 282 282 282 282
4 265 266 285 286 283 283 283 283
4 266 267 286 287 284 284 284 284
4 267 268 287 288 285 285 285 285
4 268 269 288 289 286 286 286 286
4 269 270 289 290 287 287 287 287
4 270 271 290 291 288 288 288 288
4 271 272 291 292 289 289 289 289
4 272 273 292 293 290 290 290 290
4 273 274 293 294 291 291 291 291
4 274 275 294 295 292 292 292 292
4 275 276 295 296 293 293 293 293
4 276 277 296 297 294 294 294 294
4 277 278 297 298 295 295 295 295
4 278 279 298 299 296 296 296 296
4 279 280 299 300 297 297 297 297
4 280 281 300 301 298 298 298 298
4 281 262 301 282 299 299 299 299
4 282 283 302 303 300 300 300 300
4 283 284 303 304 301 301 301 301
4 284 285 304 305 302 302 302 302
4 285 286 305 306 303 303 303 303
4 286 287 306 307 304 304 304 304
4 287 288 307 308 305 305 305 305
4 288 289 308 309 306 306 306 306
4 289 290 309 310 307 307 307 307
4 290 291 310 311 308 308 308 308
4 291 292 311 312 309 309 309 309
4 292 293 312 313 310 310 310 310
4 293 294 313 314 311 311 311 311
4 294 295 314 315 312 312 312 312
4 295 296 315 316 313 313 313 313
4 296 297 316 317 314 314 314 314
4 297 298 317 318 315 315 315 315
4 298 299 318 319 316 316 316 316
4 299 300 319 320 317 317 317 317
4 300 301 320 321 318 318 318 318
4 301 282 321 302 319 319 319 319
4 302 303 322 323 320 320 320 320
4 303 304 323 324 321 321 321 321
4 304 305 324 325 322 322 322 322
4 305 306 325 326 323 323 323 323
4 306 307 326 327 324 324 324 324
4 307 308 327 328 325 325 325 325
4 308 309 328 329 326 326 326 326
4 309 310 329 330 327 327 327 327
4 310 311 330 331 328 328 328 328
4 311 312 331 332 329 329 329 329
4 312 313 332 333 330 330 330 330
4 313 314 333 334 331 331 331 331
4 314 315 334 335 332 332 332 332
4 315 316 335 336 333 333 333 333
4 316 317 336 337 334 334 334 334
4 317 318 337 338 335 335 335 335
4 318 319 338 339 336 336 336 336
4 319 320 339 340 337 337 337 337
4 320 321 340 341 338 338 338 338
4 321 302 341 322 339 339 339 339
4 322 323 342 343 340 340 340 340
4 323 324 343 344 341 341 341 341
4 324 325 344 345 342 342 342 342
4 325 326 345 346 343 343 343 343
4 326 327 346 347 344 344 344 344
4 327 328 347 348 345 345 345 345
4 328 329 348 349 346 346 346 346
4 329 330 349 350 347 347 347 347
4 330 331 350 351 348 348 348 348
4 331 332 351 352 349 349 349 349
4 332 333 352 353 350 350 350 350
4 333 334 353 354 351 351 351 351
4 334 335 354 355 352 352 352 352
4 335 336 355 356 353 353 353 353
4 336 337 356 357 354 354 354 354
4 337 338 357 358 355 355 355 355
4 338 339 358 359 356 356 356 356
4 339 340 359 360 357 357 357 357
4 340 341 360 361 358 358 358 358
4 341 322 361 342 359 359 359 359
4 342 343 362 363 360 360 360 360
4 343 344 363 364 361 361 361 361
4 344 345 364 365 362 362 362 362
4 345 346 365 366 363 363 363 363
4 346 347 366 367 364 364 364 364
4 347 348 367 368 365 365 365 365
4 348 349 368 369 366 366 366 366
4 349 350 369 370 367 367 367 367
4 350 351 370 371 368 368 368 368
4 351 352 371 372 369 369 369 369
4 352 353 372 373 370 370 370 370
4 353 354 373 374 371 371 371 371
4 354 355 374 375 372 372 372 372
4 355 356 375 376 373 373 373 373
4 356 357 376 377 374 374 374 374
4 357 358 377 378 375 375 375 375
4 358 359 378 379 376 376 376 376
4 359 360 379 380 377 377 377 377
4 360 361 380 381 378 378 378 378
4 361 342 381 362 379 379 379 379
3 1 362 363 380 380 380
3 1 363 364 381 381 381
3 1 364 365 382 382 382
3 1 365 366 383 383 383
3 1 366 367 384 384 384
3 1 367 368 385 385 385
3 1 368 369 386 386 386
3 1 369 370 387 387 387
3 1 370 371 388 388 388
3 1 371 372 389 389 389
3 1 372 373 390 390 390
3 1 373 374 391 391 391
3 1 374 375 392 392 392
3 1 375 376 393 393 393
3 1 376 377 394 394 394
3 1 377 378 395 395 395
3 1 378 379 396 396 396
3 1 379 380 397 397 397
3 1 380 381 398 398 398
3 1 381 382 399 399 399
3 1 382 383 400 400 400
3 1 383 384 401 401 401
3 1 384 385 402 402 402
3 1 385 386 403 403 403
3 1 386 387 404 404 404
3 1 387 388 405 405 405
3 1 388 389 406 406 406
3 1 389 390 407 407 407
3 1 390 391 408 408 408
3 1 391 392 409 409 409
3 1 392 393 410 410 410
3 1 393 394 411 411 411
3 1 394 395 412 412 412
3 1 395 396 413 413 413
3 1 396 397 414 414 414
3 1 397 398 415 415 415
3 1 398 399 416 416 416
3 1 399 400 417 417 417
3 1 400 401 418 418 418
3 1 401 362 419 419 419
